sensor_kit_base_link:
  velodyne:
    x: 1.200000
    y: 0.000000
    z: 2.000000
    roll: 0.000000
    pitch: 0.000000
    yaw: 0.000000
  gps:
    x: 0.000000
    y: 0.000000
    z: 0.000000
    roll: 0.000000
    pitch: 0.000000
    yaw: 0.000000
  imu_link:
    x: 0.0
    y: 0.000000
    z: 0.800000
    roll: 0.000000
    pitch: 0.000000
    yaw: 1.57